4548572486
0
35
210000
2
1402/10/15
-----------------------
6259358685
1
17
830000
1
1402/1/12
-----------------------
5910906150
2
67
240000
6
1402/6/6
-----------------------
9995060561
3
10
180000
8
1402/9/13
-----------------------
5578273361
4
3
240000
2
1402/8/3
-----------------------
4667297801
5
64
680000
5
1402/3/11
-----------------------
4272342961
6
59
530000
8
1402/10/1
-----------------------
6055964073
7
16
610000
8
1402/4/12
-----------------------
2193943542
8
44
480000
8
1402/10/7
-----------------------
3756915349
9
53
690000
8
1402/2/28
-----------------------
3362489086
10
61
570000
6
1402/8/22
-----------------------
2560428026
11
26
80000
7
1402/11/2
-----------------------
7387722749
12
55
420000
2
1402/6/10
-----------------------
7289399813
13
50
790000
8
1402/9/1
-----------------------
7271494274
14
62
760000
10
1402/8/4
-----------------------
6691454302
15
80
510000
3
1402/10/15
-----------------------
8266038799
16
10
500000
10
1402/2/15
-----------------------
8203710016
17
99
480000
4
1402/6/8
-----------------------
1997083508
18
55
440000
5
1402/7/8
-----------------------
3704622660
19
39
70000
8
1402/1/9
-----------------------
3974446174
20
51
450000
3
1402/9/21
-----------------------
3020011903
21
90
600000
5
1402/4/8
-----------------------
8470710946
22
42
160000
9
1402/6/23
-----------------------
1380082607
23
24
130000
2
1402/10/5
-----------------------
7701084536
24
47
490000
1
1402/2/27
-----------------------
1398370244
25
32
330000
5
1402/3/10
-----------------------
7353929497
26
45
220000
7
1402/6/17
-----------------------
2151345658
27
19
920000
7
1402/2/5
-----------------------
2753133491
28
42
280000
5
1402/3/18
-----------------------
2693289111
29
64
620000
8
1402/11/15
-----------------------
7707648253
30
60
890000
6
1402/4/18
-----------------------
3361064993
31
55
890000
1
1402/7/8
-----------------------
2518416595
32
93
560000
6
1402/4/14
-----------------------
7488308922
33
76
880000
7
1402/5/8
-----------------------
9895041064
34
64
850000
2
1402/6/28
-----------------------
3339018084
35
75
860000
8
1402/10/23
-----------------------
1258365179
36
97
670000
9
1402/6/8
-----------------------
6225283931
37
15
800000
7
1402/8/11
-----------------------
2457814434
38
1
400000
10
1402/2/24
-----------------------
4369868328
39
90
180000
6
1402/6/3
-----------------------
6291390836
40
74
710000
7
1402/9/8
-----------------------
3290771802
41
36
960000
7
1402/7/7
-----------------------
7464071637
42
3
420000
9
1402/8/3
-----------------------
3158328625
43
15
800000
7
1402/8/25
-----------------------
2615480852
44
26
320000
4
1402/9/25
-----------------------
3827203833
45
29
810000
1
1402/3/13
-----------------------
7318334723
46
5
890000
10
1402/5/20
-----------------------
7535022695
47
93
70000
3
1402/4/28
-----------------------
4639546219
48
3
510000
7
1402/3/19
-----------------------
1309644950
49
81
330000
7
1402/10/10
-----------------------
